13619162323
13617975779
13648759522
13670969741
13673171079
13677765522
13676682997
13611979368
13613212216
13623881558
13610866574
13651935177
13681405279
13640877771
13686190831
13624521716
13645728148
13677044099
13695137867
13678215826
13612490211
13621949022
13612978101
13659954194
13605497453
13629592301
13649664365
13698363418
13698645793
13665486200
13679623261
13628041734
13666971764
13698925314
13643540945
13693721812
13651008608
13638590048
13681865983
13618308786
13631229488
13610095528
13619017973
13680226667
13627244879
13656028115
13640909890
13692426862
13645751456
13609527403
13616206159
13638613729
13629056390
13624775759
13666770727
13672895057
13604620946
13689167209
13670267235
13602191316
13687513387
13621731862
13673619592
13666872272
13644145544
13624256031
13634348915
13633074536
13610143720
13672519798
13664609420
13650153048
13669460362
13699667083
13617890318
13610662506
13652214215
13606771594
13649357721
13658173619
13678749205
13644206066
13620085900
13675486355
13699462143
13603165707
13671822652
13627297780
13698265595
13607435801
13695591611
13684982630
13676572282
13699259112
13672841221
13611281392
13629016354
13613145122
13692714727
13671281477
13633557313
13694735726
13667575606
13620707947
13626426059
13611137067
13689942311
13617124537
13648130220
13645538298
13606324515
13612420404
13635479457
13655543055
13646716264
13607011714
13629587742
13683276595
13609514104
13670432569
13630158666
13601458820
13674945473
13627958381
13671254022
13624327730
13675663990
13650546091
13663940748
13650916736
13696571297
13652324894
13670022869
13639081014
13685898863
13662542350
13661977122
13635264824
13677165881
13612445843
13635270760
13639613776
13692304975
13639660797
13654817566
13606720703
13686364958
13666209970
13656462467
13617009326
13696939896
13693813103
13692005937
13601599114
13690599949
13695478221
13651378086
13602159546
13699545797
13681985583
13611729714
13632715296
13621065154
13618867825
13615042484
13639696159
13601043571
13675539995
13604186049
13615746522
13628584330
13624643775
13616097368
13637917280
13604346216
13678782494
13670371877
13693865069
13678488728
13622849068
13642906383
13603614012
13655931153
13633293704
13680385376
13638665146
13659467520
13638383813
13616647115
13679488090
13649906572
13674059705
13615825758
13629436824
13620662700
13669612321
13636480773
13670176835
13693429996
13668386033
15141534097
15187952360
15177350179
15146351992
15190776408
15100454323
15185838617
15100400368
15125707221
15184201239
15139497113
15116349859
15117239823
15103968982
15101298660
15187233271
15197662498
15183510428
15156798218
15145200828
15177441825
15160827955
15159687636
15164873091
15170258741
15114885817
15138439686
15173180305
15103272243
15199659788
15171562232
15144665947
15167913822
15187582043
15128893491
15145039410
15195756801
15142657974
15142444590
15111061934
15119479159
15120324922
15117269110
15114691418
15186173408
15158100425
15166406776
15177111145
15179919203
15195362540
15125997248
15156238934
15170749425
15140322924
15163252205
15157610671
15167605515
15154654177
15181475621
15108015520
15144974099
15173971291
15151551640
15134977175
15120567775
15195214623
15195149434
15173392041
15191605157
15147141466
15124157764
15131530081
15144900122
15141044514
15154175123
15182016361
15142997424
15170461837
15146523126
15180495735
15131706554
15175254805
15150080513
15198287915
15151093617
15107405846
15151706927
15107862073
15168527219
15137990649
15179477035
15126478307
15105974354
15143874491
15115229352
15177417336
15110138723
15196520649
15114839583
15106926565
15196735775
15144571589
15137558949
15122596778
15131910500
15178202585
15146628620
15143367436
15189502889
15171239207
15170942260
15166239589
15195356780
15144757070
15159226152
15113255517
15108900148
15191922268
15100570440
15136860597
15121133250
15182597413
15161768321
15155000250
15140774727
15184531027
15145269181
15186011387
15189070773
15168723023
15179400563
15137227384
15157444289
15147251762
15111445297
15158821592
15149480328
15168028020
15184919978
15195165903
15160518090
15151579161
15108544289
15138931757
15194063495
15180443529
15199602468
15103926661
15130310899
15183347510
15135774784
15122501448
15188384592
15181490028
15107314434
15120093127
15173326683
15167405821
15114585837
15121038392
15109205267
15198490604
15114066547
15168946556
15114456617
15149857850
15192769471
15123553373
15168665022
15135653449
15162791262
15126814173
15136464247
15154161033
15184747224
15135756404
15130223138
15102635618
15155680393
15106284855
15126214526
15159157064
15137340043
15184247800
15160597166
15112823836
15184029898
15118550497
15107098836
15104018402
15153967015
15171153080
15174109984
15105923414
15171535778
15152951038
15119043394
15184015223
15146907939
15120146036
15882682218
15872743731
15816483477
15809438036
15864075691
15819072027
15808061508
15828035592
15824678119
15809937755
15897221050
15801425582
15894266353
15815505168
15885455580
15867690280
15889105353
15889960218
15865560440
15841647477
15807188663
15846206205
15840627249
15822769736
15806386370
15881751046
15869132523
15811085316
15821596199
15855993358
15873612630
15849184676
15819731266
15845176227
15874714473
15810914430
15868698292
15855074527
15884173542
15847036766
15854160373
15831572991
15811652794
15805837288
15870462070
15842349760
15852827802
15807124027
15885611403
15887075648
15812593548
15878236031
15828935428
15887019722
15886434728
15829803644
15851400825
15892552046
15847744130
15820518540
15886083520
15869175223
15899509835
15867336364
15822242293
15803659924
15880180548
15882412928
15835311531
15871406488
15857105656
15885631657
15879662703
15869338431
15864424713
15888744431
15890839234
15806435096
15866203809
15803149744
15814599894
15830055365
15868080263
15873999305
15831722530
15806115029
15885148749
15831637717
15831338794
15879635486
15896633630
15870210370
15863284996
15831902490
15819830889
15897497030
15888578813
15875137846
15873325264
15881525649
15847540288
15892411692
15826543773
15817615568
15857529642
15820523098
15872030506
15800927796
15858364064
15857909286
15851212222
15834280795
15828041444
15846626098
15867521398
15894353002
15826885800
15844308270
15850664301
15888693095
15862614166
15845807508
15885000905
15876898834
15848686051
15812295794
15873381969
15877914379
15838445121
15851875654
15876462712
15822844134
15853015484
15803018817
15866086187
15819323873
15848999781
15856931557
15838109157
15853701450
15842895054
15833799083
15881597384
15833439778
15814011917
15840501373
15824112690
15847204615
15835758067
15823891187
15861004804
15875951127
15858428968
15833360655
15825247816
15865115473
15859019691
15816960341
15854089059
15811671251
15844953351
15868846552
15877992726
15875867633
15821615207
15832771076
15819660701
15864005129
15800553038
15870689525
15838086248
15888723059
15889465642
15803849804
15811600208
15861116066
15888571398
15870080850
15819787427
15801304648
15870058487
15806445059
15888198386
15847811164
15827417793
15874360622
15819155859
15838489226
15865621278
15815319105
15832092708
15835741000
15886388326
15873873436
15846772701
15853219155
15866874723
15820620774
15882153420
15804787808
15202012550
15282699041
15223654169
15243676798
15251288490
15222291810
15206599128
15208790944
15283670934
15258682532
15233047630
15276609512
15258816031
15272193767
15250053716
15292193140
15224224926
15213330644
15277114298
15204608324
15253268329
15250056198
15271862354
15280076460
15277676014
15279207785
15270057773
15268997326
15289819970
15213380605
15245524741
15218264155
15263893233
15258783809
15247930557
15270253116
15241625215
15216937686
15268219650
15238905392
15254308476
15210070106
15296423870
15265653244
15279315327
15231034357
15212431640
15244653314
15219231950
15218596878
15292502962
15293871710
15279143830
15278855553
15278688493
15265686188
15214440579
15223128988
15223833984
15225241472
15279938142
15287438478
15246258951
15229106538
15279557204
15254509754
15270804822
15289833138
15264048978
15249100292
15218247732
15249762331
15221930804
15254056126
15280082622
15247797823
15231422177
15296606686
15263890905
15202818459
15262042804
15272183372
15297024988
15226309470
15219272822
15257106122
15271606068
15285547836
15216115414
15262375488
15261722827
15276600505
15277369727
15234332576
15292561122
15212737617
15265421183
15268148770
15280600809
15200233767
15240757609
15252938167
15216529937
15266327365
15224294401
15282128974
15263793984
15269162086
15228856127
15280558988
15212669747
15259000810
15230684885
15281430455
15210291835
15228893181
15236583239
15265738304
15282157918
15227754794
15217251867
15263886249
15229715348
15255632637
15215304799
15257941709
15245083232
15237959144
15282393439
15239103610
15256279568
15283625573
15238117742
15261584434
15274619416
15214689639
15283559261
15290085249
15298298077
15295150841
15248909619
15260552434
15299483855
15291974853
15233856226
15287655162
15200990414
15203923298
15208642478
15242019114
15253210619
15292226352
15278870190
15272279426
15263299693
15245118756
15299745620
15265315133
15292184405
15274855155
15248791144
15291444279
15232118428
15204532307
15295861597
15238947600
15216260731
15258941028
15252715867
15291801308
15214759796
15287773055
15211214144
15237181848
15238580736
15275495930
15246962347
15266615251
15200340713
15258815673
15231947100
15255899341
15209288653
15296428265
15286646017
15259032707
15282230415
15259876538
15267455646
15260693439
15221742597
15249188749
15286441173
15206852926
15254202831
15286671141
15282292526
15209150256
15251404772
15251036128
15378462657
15328393883
15321573286
15305140342
15371777699
15344457444
15327892317
15304636508
15320976163
15361889773
15392197480
15399738403
15316039382
15371075625
15304360720
15320895015
15309071157
15369048477
15360796110
15320483784
15396876650
15333471219
15335622370
15340085370
15300857401
15395135096
15342135938
15310448863
15301054498
15341483326
15397688881
15383606906
15390737269
15367807006
15318180990
15352089812
15333462425
15348011301
15370299891
15300168256
15396154820
15387384413
15307985588
15377477498
15300528501
15336569182
15349809693
15334509462
15394720938
15363669173
15367313115
15367364514
15392249276
15376737212
15381713202
15328351089
15309450770
15320839860
15308190951
15315369618
15316305811
15302843526
15356383326
15319666374
15353715642
15332202680
15343361713
15339158499
15387475244
15342448782
15325654621
15313017428
15396127828
15374137268
15357414754
15382004399
15361089841
15321041521
15377721423
15336877836
15387286896
15365954820
15334690610
15355973740
15379262981
15350918719
15331603146
15370815258
15337834378
15374532317
15387128519
15323324355
15328473187
15368170307
15339405543
15378340774
15362815203
15381545016
15303053275
15352397473
15322877059
15377250664
15336144887
15348196670
15361184026
15357189027
15323197153
15361874112
15323226660
15368704641
15388604280
15381109354
15325841014
15314455320
15361313067
15336815412
15307695060
15389544480
15311509403
15397510695
15300079726
15347572797
15316386347
15391064557
15328151334
15386070095
15355131786
15317567825
15312190119
15368663478
15388170505
15349632435
15302293022
15373332982
15391551609
15318721583
15325105691
15379497511
15374944745
15358980030
15326342634
15329753056
15360386345
15367239501
15318258541
15371260118
15331284102
15399960618
15347917759
15313607139
15312947949
15397640702
15384643292
15329313228
15356845955
15359187627
15345060207
15347861470
15333044558
15327999997
15349418248
15303410259
15398357392
15321265034
15328165958
15350881662
15377866396
15337439413
15378552460
15391970367
15359418630
15309844930
15347612130
15307869013
15387670339
15382031559
15362960708
15321014768
15312537235
15316929209
15382174743
15325527387
15324274143
15301095581
15337742117
15354081085
15398322657
15331634395
15320587537
15305615049
15387293098
15336272398
15344120949
15301286112
15397582693
15314127622
15335007888
15382720744
15332371124
15333314910
