16780348176
16780249072
16142903561
19277969527
19289910566
19219902579
16834902873
16889943221
16277969527
16289910566
16988342171
16788349171
16887303389
16980342111
16787349176
16788249172
19202903561
19309903510
19809803538
19304903509
19181513562
19209203584
19009305565
19507909527
19389900566
19409902579
16634902873
16789943221
16780348176
1678994322116789943221
19219902579
16780348176
1678994322116789943221
19219902579
16780348176
1678994322116789943221
19219902579
