13673307974
13685953074
13667416779
13601452525
13692795303
13645194024
13667246168
13603573708
13626033403
13610976434
13666202941
13669810449
13617543976
13614781039
13640289749
13639092752
13620679699
13664329971
13616442116
13680182558
13678117539
13605939615
13668784185
13639055779
13614822227
13611166309
13672169813
13663074989
13646413970
13626053512
13634463182
13620775437
13686675308
13691799189
13666459348
13666042873
13672082929
13607500837
13682457559
13613803019
13666628626
13683042996
13634352942
13652607800
13657078875
13627833813
13675412018
13652528380
13619187486
13623516167
13618777970
13637165013
13668045666
13620105902
13604023591
13693142024
13628789882
13680226137
13627991084
13687730993
13645525368
13672158301
13667078962
13672209464
13682340860
13669887014
13683552634
13604645059
13633283009
13691909674
13652047602
13677050544
13603699515
13681644835
13698452095
13627783726
13647043978
13696552088
13675957091
13618729203
13636368994
13613550248
13647423662
13682591956
13643622168
13610721411
13616279245
13692712563
13630361608
13603381481
13640886855
13603141126
13612153753
13689343284
13624042617
13654110075
13622419104
13682086958
13687138814
13640257236
13600970776
13627417885
13600095650
13632655668
13661759341
13666180172
13668915332
13650055705
13600106908
13626891587
13645433491
13681812093
13696518560
13685372957
13611506859
13674906433
13693058901
13640192680
13659316100
13691383853
13685000953
13661537088
13643045300
13636975322
13692872517
13605541968
13656636197
13677688361
13649399671
13647491237
13644192167
13642016829
13684310595
13662703014
13605569929
13699356685
13646785508
13697880353
13613796105
13673656429
13675163744
13636534522
13605298065
13625049529
13642719102
13601696585
13696369792
13684590609
13605855783
13639935034
13620348208
13665053335
13676707913
13637151708
13626643111
13605128429
13690250765
13652071450
13660980870
13608102886
13625762252
13678421318
13646921825
13608015865
13653263226
13636173479
13658577072
13673324821
13661699676
13650043195
13636342447
13636428313
13606860889
13680035585
13639581427
13607572422
13681825624
13613643746
13652285970
13620128226
13603408339
13673648719
13619730076
13698707368
13698064467
13630229702
13670771264
13675572134
13606308384
13652957384
13643350546
13636740579
13657558356
13622009016
13638512938
13621171149
13639361529
13613531586
13683938817
13694503154
15107077156
15111246043
15153804833
15124195551
15104929421
15155702603
15163991975
15152015787
15188534831
15144410790
15104916114
15131782626
15137978398
15132230354
15151916735
15141177157
15141298989
15119999891
15162773567
15108463762
15181256254
15114656683
15124010833
15166848864
15185850335
15170262397
15173673115
15127847032
15172676211
15151711921
15119491727
15108564802
15180732750
15189351455
15135502816
15120844370
15124780282
15129076996
15149135416
15160691845
15192110491
15111586009
15167409103
15153724909
15169957884
15114891065
15175272916
15184410100
15145230113
15154278703
15101945828
15193737960
15196015459
15194351330
15132024564
15182114259
15168566530
15133005810
15160835199
15195046344
15145184976
15191665710
15181305056
15114331294
15158236096
15166767822
15170181200
15190701138
15150935523
15142383225
15188994455
15188862391
15142128049
15138811000
15141279924
15138981477
15100051617
15160468194
15167681320
15145318807
15138391626
15136040738
15102707206
15166385507
15131454559
15110341132
15108690011
15116647748
15113083162
15171982692
15109912905
15163181251
15127727205
15154857019
15131197513
15163997550
15176649246
15189602965
15131289853
15166563316
15190459873
15117922500
15114033298
15177258538
15101458771
15182162869
15129185757
15104676712
15124837593
15199379447
15166109020
15135771594
15104623900
15107608332
15179485494
15141234454
15177540384
15129584593
15141377762
15166202954
15159487042
15180066991
15191035901
15195038356
15197728194
15168293741
15179377382
15174347912
15185804122
15106452092
15150293989
15136787395
15181603498
15118910164
15104801923
15103559860
15168533834
15147128973
15123103777
15158290801
15151205322
15176985336
15116652284
15196150476
15135677856
15186440747
15189651567
15157319863
15178955093
15151728668
15171437580
15124288775
15175721310
15151435892
15191759875
15138099256
15133701416
15199804984
15190649641
15153836201
15180204576
15123327131
15191039584
15190886901
15191775923
15185325412
15124455636
15194737576
15114652278
15133446055
15104372106
15188580774
15167289432
15124509191
15121885212
15154320285
15113676665
15178503945
15141971383
15153580658
15160883354
15154917475
15111763293
15157634479
15127200155
15166803156
15131282708
15181327586
15124406610
15114561144
15109716316
15148906602
15119842076
15115310437
15142197682
15157039541
15174983148
15145055745
15175260569
15137370450
15842837535
15805465670
15833145980
15877939424
15823082913
15863089560
15860627833
15842800658
15829396049
15802412958
15801969580
15889984810
15856493545
15865530862
15895780077
15873323901
15899188951
15821346162
15846089014
15826319626
15842860858
15804318606
15887141221
15811408955
15872418082
15881704220
15852635913
15858798916
15807030574
15875215441
15802102293
15885932053
15875591711
15862270852
15848517251
15887158357
15821320361
15870256166
15849760133
15890113699
15802065637
15860097025
15868404878
15883277849
15839880508
15895254028
15841092993
15843970162
15875605346
15818524260
15881465036
15818017289
15876722287
15888306986
15828639870
15837853293
15807228489
15805578506
15849908658
15886528048
15841683153
15858330010
15873991962
15815084935
15804771798
15898148071
15893857223
15842302853
15899679809
15879909773
15895459196
15866389319
15850284876
15800885745
15841984830
15848776265
15846161630
15805333482
15856789304
15801964070
15810632831
15815977382
15887076006
15833423414
15843195595
15800987769
15864063135
15861284898
15819758531
15851162689
15896339528
15836960895
15848228613
15873857759
15895975876
15873961588
15824293893
15828588335
15893527795
15898266327
15821519279
15887363328
15879052086
15877187249
15847437044
15858578622
15832515527
15826050283
15889043455
15864331647
15831105643
15891539685
15876721493
15839944475
15845424792
15871625883
15893297078
15839377752
15848822784
15802331540
15824983603
15846737379
15867906261
15801229048
15815557884
15837367175
15868530928
15851137359
15883797471
15899024931
15874381119
15848304532
15818395316
15831476153
15855615303
15815994650
15819783987
15876556754
15896561407
15865751584
15881923316
15818958793
15864867733
15801706216
15873374626
15890972207
15818123965
15834136528
15838380829
15859292227
15866781344
15896638025
15849778183
15872920491
15873606238
15823697703
15840965044
15809954173
15864110628
15840336910
15844593307
15868165617
15896621799
15849265937
15858343474
15844245526
15855983998
15857942093
15897864675
15853528280
15878355697
15830299025
15894986928
15860518765
15837146249
15817211774
15804583564
15853300585
15861521428
15899941694
15895872613
15804771993
15862229768
15830104801
15856864039
15822088559
15849449712
15894733386
15887042499
15894385883
15876368276
15896717332
15825873102
15895628163
15848254231
15820143293
15843493543
15881371044
15838916813
15887132205
15205268334
15247107099
15283732398
15203404479
15256650057
15241705629
15230489206
15280097511
15219982130
15294991893
15295591711
15263192233
15279439017
15220584468
15269445971
15255487775
15222320736
15263149120
15270927795
15239700804
15294182548
15259709720
15280991092
15276920838
15257045379
15276540445
15215067038
15202230957
15250015117
15222810372
15261701456
15270287530
15294363548
15271511115
15252335597
15213313361
15235357188
15280951949
15206908231
15269689754
15278679727
15248048141
15272890471
15236881387
15274188083
15282780383
15236598138
15297551854
15208590509
15292249465
15299445306
15235988187
15255340883
15219739456
15260343599
15280951957
15292703963
15256217256
15231023156
15250969296
15275173212
15242607497
15232831599
15287335949
15249184919
15208050597
15226957761
15215364686
15214773215
15205894099
15289576864
15257876923
15275304830
15262361991
15285671203
15211990312
15271824689
15271268187
15218619400
15276377000
15279155807
15241045403
15269543836
15258342445
15237395892
15272657814
15261492311
15264935959
15208522278
15273336232
15253728711
15286204406
15295712207
15239395547
15228928298
15236929444
15224283366
15221310201
15216751422
15215285899
15284261704
15239230128
15267576554
15248891034
15271029867
15275352010
15235269179
15270405078
15257416470
15228335288
15257649731
15287811640
15248245612
15231234607
15278522109
15265670512
15274952351
15229357058
15224832263
15285296016
15262179788
15295602270
15260530077
15286688570
15272941705
15291832292
15272343713
15210474793
15243268995
15231015823
15229969051
15275276170
15256905177
15263887255
15288624900
15203383582
15252913780
15211826172
15261839950
15263788688
15261862830
15254850814
15251990462
15295004976
15244606083
15227171053
15289263968
15248874608
15220887320
15285117623
15210214828
15224229071
15263069842
15203984053
15230854551
15265876717
15239220923
15249498146
15218820207
15264446081
15235969273
15265791151
15273322235
15256548215
15200415405
15297208286
15295578815
15261950771
15215763223
15258673059
15253955258
15240471720
15268361391
15234387725
15286553145
15275042288
15294735981
15284192162
15232402908
15207530988
15265782439
15262936220
15244947111
15257017754
15292765276
15231876918
15248286226
15295080515
15255720603
15290130181
15274282336
15286486673
15257901616
15248652514
15242996728
15280365254
15297985897
15267619090
15285498328
15267699492
15374461726
15382999463
15395720237
15316512958
15314335281
15347941982
15303490324
15341360944
15396213785
15391384485
15342933348
15354028667
15324319748
15385863235
15306749956
15357542581
15307078238
15377478507
15383651069
15390350760
15380121406
15343353559
15322247717
15337348957
15307861994
15305225820
15324636061
15300735130
15393900673
15386072744
15353091590
15339414844
15342178123
15356409526
15316484023
15322149944
15370565106
15373367075
15326372934
15316413194
15332906857
15391242250
15301199437
15393843461
15392348246
15396070928
15376989838
15341357953
15365791903
15361132594
15346775862
15366393834
15361491144
15306540371
15349563734
15334495869
15321850035
15315928130
15376559141
15322047613
15376052092
15353690062
15361739993
15356828913
15354669803
15371222948
15354303438
15391533771
15380412292
15332603217
15394563699
15304972656
15361692600
15371219865
15312480254
15323555319
15340201274
15330915068
15319869413
15360063017
15371970753
15373988867
15360513787
15323242639
15375257114
15330472818
15392559459
15306540165
15389100370
15300945894
15376670662
15320630902
15370992158
15362156211
15388680438
15303260169
15316978634
15367513676
15353907855
15334919409
15341086906
15300868618
15321376934
15328943905
15359651156
15331175987
15387595618
15338591189
15343666664
15364033547
15373504698
15375556768
15325951477
15344326542
15385205100
15399000056
15399578783
15337611643
15339254450
15372981872
15343723732
15331916128
15340237377
15346908025
15347703185
15337882505
15376084110
15368877760
15396995910
15315172655
15373887638
15308536568
15323470578
15312210597
15329950993
15331886433
15336833006
15383602760
15335644849
15357031950
15359443631
15303899708
15323012517
15386359760
15338237307
15317284321
15363453068
15382801985
15322471904
15361979989
15386244935
15343395494
15395279424
15311744567
15373735235
15354469298
15382170949
15305367105
15389894116
15344230312
15334220786
15374794417
15370000076
15391759059
15309460248
15333094383
15345760263
15383091054
15303940641
15322723046
15359488859
15383039901
15325882896
15347449611
15352925841
15311164917
15341117068
15329040855
15337601974
15310966112
15378399820
15323984392
15347636217
15340313071
15394549444
15300631450
15397418943
15325765119
15380296547
15324906190
15348567019
15324397019
15306154705
15373159835
15323906259
15361363242
15352764001
15351213454
15317238965
15377522729
